url_path,views_total,views_unique
/grp-bork/nHUMAnN,8,6
/grp-bork/nhumann/tree/0d0c7e7d07c9188e4b54611d9b426752471862ee,2,2
/grp-bork/nHUMAnN/compare/update/20260310,2,1
/grp-bork/nHUMAnN/pull/3,2,1
/grp-bork/nHUMAnN/blob/0d0c7e7d07c9188e4b54611d9b426752471862ee/bin/collate_stats.py,1,1
/grp-bork/nHUMAnN/blob/0d0c7e7d07c9188e4b54611d9b426752471862ee/bin/prepare_fastqs.py,1,1
/grp-bork/nHUMAnN/blob/0d0c7e7d07c9188e4b54611d9b426752471862ee/clowm_info.json,1,1
/grp-bork/nHUMAnN/blob/0d0c7e7d07c9188e4b54611d9b426752471862ee/main.nf,1,1
/grp-bork/nHUMAnN/blob/0d0c7e7d07c9188e4b54611d9b426752471862ee/nevermore/bin/collate_stats.py,1,1
/grp-bork/nHUMAnN/blob/0d0c7e7d07c9188e4b54611d9b426752471862ee/nevermore/version.json,1,1
